0
0.52
-5.65
-0.89
-1.75
3
-1.15
-0.48
1.56
0.7
4.38
0.07
-1.41
-3.78
-2.92
-1.93
1.37
0.97
2.29
-0.21
2.31
-1.74
-1.43
-17.15
-0.08
-0.08
1.68
-1.14
-0.31
0
0.69
0.3
-1.35
0.08
-1.08
-1.7
-1.7
1.59
0.86
0.54
0.59
0.31
0.42
0.56
1.29
-1.37
-1.21
-1.4
-0.46
-0.43
-1.23
-0.92
0.29
0.56
-1.46
-1.57
0.09
-0.91
1.53
0.12
2.59
-0.15
-0.76
2.83
0.79
-1.32
0.23
-0.87
0
0.09
-0.96
-0.97
-2.88
-0.06
-0.67
1.41
1.42
-2.09
1.46
-2.51
-3.12
2.46
-0.49
2.24
0.33
2.21
0
1.62
0.35
-1.2
-1.21
0.09
0.15
1.85
0.55
1.7
0.73
-0.25
0.5
-0.39
-0.82
0.56
0.14
0.03
2.71
-0.25
-2.3
0.5
-1.19
-1.49
1.05
-0.72
-0.23
0.49
0.57
0.96
-0.76
1.06
-0.88
-0.45
0.59
-1.17
-1.51
-2.34
-1.08
-0.79
-0.55
3.43
-0.06
-0.29
2.25
2.39
1.98
0.55
1.83
-0.11
0.11
2.57
0
-0.58
0
0
-0.56
13.54
4.44
-1.17
-0.49
3.4
-0.87
-1.43
-0.42
0.85
0.59
-2.61
1
-2.29
1.87
-1.74
-0.34
-0.89
-0.02
0.11
-0.81
-2.48
-0.14
0.14
0.98
-0.71
0.49
-2.06
-0.79
4.84
0.25
-1.79
-0.02
3.48
-1.3
-1.93
-0.91
0.21
-0.12
-2.1
-1.5
1.97
0.26
2.65
-0.42
0.48
3.17
1.13
1.54
-2.4
-0.99
-1.09
-0.66
0.09
-0.83
-2
0.16
2.67
2.73
-0.83
2.64
-1.89
2.05
2.09
-1.65
-16.15
-1.77
-0.28
2.28
1.26
0.93
1.95
-1.14
0.72
1.33
-1.33
1.85
1.17
-0.35
4.32
1.88
3.08
2.58
0.02
1.76
-1.26
-0.37
0.6
0.41
-0.19
1.1
0.12
-0.47
0.87
-0.88
-0.99
0.8
0.67
0.87
-0.18
0.14
-0.55
-1.74
-0.48
1.69
0.51
0
-1.36
-1.04
-0.15
-1.78
0.9
-0.7
0.84
0.46
-1.68
-3.13
-1.6
-1.28
0.09
-0.91
0.72
0.29
-1.21
-0.43
0.66
-0.96
2.42
1.19
-0.58
-0.31
-1.91
-2.9
-11.51
-1
-1.15
1.7
-0.47
1.38
-1.74
1.02
2.57
-0.28
0.1
-2.35
1.11
-2.16
1.17
-0.89
-1.52
-0.86
-0.65
0.89
-0.95
0.19
-0.33
-1.91
0.28
-0.08
1.95
-0.05
-0.33
-2.17
0.66
-0.86
0.22
-0.9
-0.59
-0.62
1.23
1.73
0.95
-0.38
-1.08
1.71
1.53
3.04
-3.83
-1.31
-1.53
0.19
1.34
-3.83
2.78
1.65
-1.51
-0.86
-0.67
-0.68
0.67
-0.14
-1.51
-1.79
-0.61
-1.24
1.48
1.63
-1.01
0.43
-1.99
-1.88
-2.44
0.15
-0.06
-3.64
3.07
3.92
2.56
-3.17
4.06
1.23
1.22
-4.13
-0.09
1.31
-0.89
-3.79
-0.24
1.07
-0.66
0.68
-0.54
-0.39
0.62
3.66
0.37
-0.06
1.16
3.19
-0.77
0.49
0.6
-0.79
0.6
4.72
0.41
-0.18
-4.04
-0.84
-1.91
-0.89
-0.36
-2.97
-2.67
-2.46
2.23
-0.54
2.87
-0.88
-2.98
3.26
-2.14
-27.91
1.13
2.25
-1.04
-2.17
-0.88
2.25
2.2
-1.9
-1.59
-0.57
1.06
-1.61
1.73
4.47
0.64
3.92
0.1
-3.52
0.85
-0.82
-0.61
0.21
3.04
2.07
3.75
0.52
2.93
1.46
-4.64
-3.6
2.56
0.91
2.93
-0.16
-0.06
2.68
-1.37
-1.58
1.68
-6.29
2.01
2.99
2.18
-0.53
-1.54
0.87
-4.05
2.62
3.24
1.68
-2.24
2.37
-2.33
0.88
1.91
-0.69
-2.21
-0.4
-0.5
0.71
0.09
0.94
2.23
10.75
1.62
-0.16
-0.24
-0.16
-1.41
-0.29
0.03
1.96
1.44
1.77
-1.62
1.07
1.83
3.66
2.56
0.56
-0.68
-0.26
0.24
0.98
-1.3
-3.82
0.17
-0.71
-0.72
-2.36
-0.79
-0.31
-0.21
-2.05
0.88
0.59
-0.6
0.1
1.33
2.47
-1.91
0.41
1.47
-0.3
0.87
-1.11
1.22
-0.2
-1.9
-1.96
0.51
-1.38
-2.32
0.74
-1.7
0.67
2.09
1.19
-2.06
-2.43
0.11
-0.19
-1.43
2.23
-0.49
-0.62
1.55
-1.03
1.65
2.66
-3.5
-0.62
2.9
1.82
0.31
-0.98
0.33
1.17
2.07
-0.2
0.67
2.84
-0.61
-0.63
-0.54
0.24
-5.28
0.79
-0.75
-3.08
-1.73
3.97
-0.57
-0.68
1.91
-0.08
-2.62
0.68
-0.79
0.18
1.56
0.34
3.07
-0.79
-1.31
0.08
0.91
-0.08
1.18
-0.05
1.56
1.87
0.82
0.36
-0.05
0.48
-0.43
1.4
0.33
6.17
-0.29
-0.18
-0.78
0.69
-0.4
-0.04
21.23
9.51
-0.29
-2.07
1.14
-1.41
1.62
1.64
-3.96
1.63
1.62
-3.17
1.04
0.23
-1.85
4.18
-1.69
1.79
7.32
0.84
0.17
0.5
-1.17
1.55
0.33
-1.04
-0.82
2.61
4.39
-1.88
-0.35
1.64
-2.91
-1.57
1.16
1.46
0.64
-0.79
-2.89
-1.03
0.82
-1.18
-0.29
-1.75
0.97
1.09
-0.7
1.72
-0.23
-1.05
0.35
4.3
-2.55
0.64
2.83
3.08
-1.91
0.14
-0.64
0.04
-2.4
0.15
-3.6
19.64
-2.58
0.04
-1.62
-5.3
-1.59
3.01
-3.79
2.78
0.18
-1.75
-4.95
0.9
0.12
-1.93
-1.48
0.56
2.97
-0.43
3.6
1.29
-1.55
2.46
-0.76
-3.19
3.58
-0.47
1.54
3.37
1.25
2.85
-2
-1.42
3.41
1.17
-0.05
0.58
-0.99
2.07
0.28
0.73
1.81
1.39
0.95
-0.05
-0.05
-0.25
0.28
-1.14
0.11
-0.22
1.25
2.52
-0.56
-0.7
-5.95
3.28
-2.03
-1.12
1.13
-0.78
-0.1
1.68
9.45
-13.63
-0.59
1.99
0.11
-2.11
1.02
-1.71
-1.94
-1.91
3.32
-0.26
-4.14
-5.94
-2.45
3.58
-1.72
-0.85
0.95
0.73
1.51
-0.79
2.05
-0.16
5.01
5.22
-1.29
1.56
0.38
3.71
-1.31
1.08
0.11
-1.39
-2.5
0.58
1.21
-3.73
-4.69
2.07
2.79
1.32
0.75
-0.27
1.98
1.49
0.21
-1.95
3.75
-1.09
-7.23
0.03
-1.07
-3.12
-1.14
-3.92
2.16
-3.28
0.14
-0.29
-0.45
-1.63
-6.1
4.76
-0.09
-2.35
-2.53
0.35
4.49
-4.11
-0.92
-2.58
-5.26
3.41
3.52
2.25
-0.99
4.22
-2.55
-3.89
-1.22
2.12
-5.35
3.02
1.62
-2.2
-1.16
-4.45
-5.24
-3.27
4.45
-0.54
-3.59
2.11
-0.98
5.48
-0.96
2.65
-0.15
-2.54
7.21
-2.18
4.13
3.63
-1.04
-1.86
-4.24
-1.49
2.16
7.04
0.87
-3.24
2.51
0.04
0.52
-3.91
0.59
-3.94
0.85
-0.15
2.8
-0.74
7.57
0.1
-0.73
1.73
-4.26
3.92
1.35
-1.52
-2.68
0.92
-2.65
-1.83
-0.28
-3.46
-0.54
-0.52
2.84
0.04
-0.49
2.52
0.44
7.08
-1.94
-3.09
1.21
-1.16
2.82
-0.67
0.34
1.56
-1.73
-0.15
1.71
3.56
-4.81
-1.51
0.24
-3.03
-1.48
3.81
3.1
1.53
-0.55
2.07
-3.9
-0.52
-1.31
1.08
-5.52
-2.2
-1.81
0.39
-3.05
0.78
0.68
3.4
-6.27
0.03
-3.05
-3.41
1.12
6.7
0.37
-4.33
-0.93
-0.75
3.64
10.39
-0.52
-3.07
2.85
0
-2.45
-0.78
-0.05
4.3
-1.31
-1.48
4.42
8.6
-0.96
-0.65
1.52
-1.89
-3.96
-2.24
1.02
1.36
2.35
-2.91
-1.33
-0.04
2.03
-3.23
0.74
-0.79
-3.51
1.46
2.43
-2.68
-3
3.48
-1.55
-1.24
1.77
-10.05
6.48
5.56
-8.1
-4.42
-2.57
2.94
-1.95
-11.6
12.93
-4.57
-3.3
-0.54
-2.71
-11.47
4.1
-8.96
0.44
9.3
-11.03
-14.66
3.12
0.71
4.38
-5.45
-0.48
0.66
-2.78
1.25
11.53
1.49
-0.32
0.93
-2.64
4.59
-12.45
-10.08
4.04
-1.55
-4.67
-11.41
7.5
-7.62
-5.19
-3.25
-7.25
-2.31
7.5
10.89
-0.73
4.03
-2.95
-5.51
1.75
8.89
4.46
1.95
6.13
-0.31
-3.12
-3.01
5.85
-4.91
7.18
1.03
-2.11
-1.01
-3.45
2.43
0.7
0.66
-4.82
2.68
1.01
5.67
-0.55
5.75
-2.06
1.68
-2.97
-6.91
-0.91
-6.1
5.73
0.29
-6.5
4.16
-1.2
1.36
-2.01
-2.46
3.81
-0.72
14.99
3.81
3.84
-4.14
3.36
5.06
0.24
-5.37
1.62
-0.61
-1.11
-2.58
1.09
-0.65
2.99
-3.48
5.93
-2.97
-2.2
3.78
-4.52
-0.47
4.8
-0.06
-4.99
-1.98
7.94
4.13
1.49
-1.38
-2.46
6.12
-0.14
-1.64
-0.2
7.44
-3.8
-0.57
1.75
-4.5
1.29
2.72
0.08
3.72
2.34
-0.23
-3.28
1.91
3.5
-1.05
-2.23
-3.36
3.29
1.02
-0.62
1.49
0.58
1.75
4.56
-1.61
-0.87
-3.27
0.91
-1.98
1.02
2.6
0.11
-3.42
-1.71
0.84
-0.87
-5.04
1.22
-2.05
3.09
2.47
0.13
-2.65
-0.42
3.51
-1.67
0.71
0.44
6.09
2.21
0.88
-0.19
2.33
-1.39
0.83
-0.57
-1.05
-1.91
-1.08
-1.25
0.6
-1.29
1.64
-4.81
-1.89
2.01
3.56
2
-1.02
0.75
-2.52
-2.87
-1.56
-3.27
2.24
0.95
-0.61
4.71
0.59
3.08
1.81
-0.3
2.7
0.88
-0.25
5.41
-8.53
-2.67
0.87
-0.76
2.03
-0.38
1.92
-1.91
-1.79
0.21
1
-1.04
-1.05
2.79
-1.61
-1.22
-3.11
1.29
1.06
1.3
1.07
-0.59
-0.37
-0.23
0.37
-1.87
-1.93
-2.56
-1.31
0.41
0.52
2.51
1.63
1.92
0.82
-0.81
-0.37
7.88
-0.29
-0.18
0.31
3.4
-1.48
-0.29
-1.76
1.83
-0.53
1.76
-2.55
-1.32
-1.33
2.46
3.26
1.31
0.51
-2.25
1.3
2.7
-1.51
-0.72
-0.68
0.32
-1.67
0.03
21.13
4.93
-2.11
-0.35
0.77
-3.17
0.03
-0.4
-1.08
2.91
4.43
0.37
2.67
-0.18
0.47
1.84
-1.05
-0.26
0.03
-1.78
0.52
2.51
-0.05
0.81
-1.74
3.07
1.87
2.64
-0.77
-2.61
-2.51
-0.07
-2.13
3.01
-0.92
-2.11
-0.88
-1.46
-1.14
1.22
3.25
0.72
3.74
-0.34
0.6
0.07
-2.14
-1.46
-0.46
0.59
-1.84
-1.73
2.64
-2.46
-2.32
1.36
-1.38
-0.17
0.37
-1.45
0.66
-4.27
-0.93
-0.69
2.66
2.6
-0.49
-5.5
-0.63
0.82
-2.73
1.24
-0.48
1.02
-0.57
2.27
-0.36
-1.81
-1.05
1.5
-0.48
0.42
-0.66
2.07
-1.29
0.17
4.93
0.79
0.29
2.05
0.29
0.92
-1
1.29
2.3
-1.34
-0.53
0.5
-0.34
1.07
-1.85
0.09
-0.94
-0.95
4.97
0.24
0.04
1.07
-0.6
-3
-0.24
3
-0.51
4.32
-0.64
0.81
-0.74
2.86
1.06
-2.57
0.18
1.23
1.52
2.44
-4.5
2.37
-3.58
-1.92
1.68
-3.38
0.28
-5.9
0.84
-1.72
-2.98
4.81
-0.64
2.55
-1.83
-2.29
0.29
-2.08
-1.36
-4.08
2.45
-0.49
2.19
-1.34
2.75
-0.99
-1.8
2.43
1.9
-4.88
-0.62
-2.67
-0.79
4.3
-0.15
0.65
2.37
0.05
-0.8
-0.05
-2.68
-0.2
-0.71
-2.64
2.21
-2.72
-8.46
0.59
1.53
-1.67
0.84
2.97
2.4
0.89
1.88
3.35
-0.28
-1.02
-3.01
1.21
0.13
-2.27
2.2
-1.01
-0.4
-1.08
0
-0.23
0.87
1.82
1.92
4.04
0.2
0.38
0.4
0.9
-3.26
0.53
-1.5
1.09
2.17
0.61
-1.63
0.15
-0.92
-1.66
1.83
-1.59
1.41
-2.3
0.83
5.78
2.01
2.58
-1.14
1.38
0.88
1.45
1.81
0.47
-0.21
1.81
0.13
1.97
-0.38
0.72
0.67
4.9
-0.85
0.21
-0.45
-1.23
-2.18
1.08
3.41
-3.52
0.56
-0.46
-1.65
2.2
-0.84
0.23
5.53
-0.66
-3.08
0
3.82
2.46
-0.08
0.56
-1.46
-0.4
-0.97
-1.63
1.23
2.29
0.27
1.08
0.71
-1.01
1.77
-1.74
-2.83
-4.27
-0.71
0.36
3.55
0.39
3.27
-1.3
5.11
-0.03
1.28
-2.33
0.65
-0.01
-0.48
1.33
-0.72
-0.27
-0.82
0.44
-0.79
-0.18
0.93
1.39
-0.26
3.12
0.79
0.01
-1.19
-0.25
-0.58
1.24
-0.34
-1.53
2.29
0.43
1.29
-0.84
-0.2
-0.44
-0.18
-0.14
0.78
1.71
1.31
-2.34
-2.7
-2.56
-0.32
-0.08
-0.75
4.91
-7.78
-0.88
1.44
0.82
0.1
1.26
0.28
3.62
1.21
0.49
1.61
0.61
-0.74
-1.29
0.61
-0.68
-3.37
-2.12
0.6
-0.29
-2.28
-2.27
1.5
0.45
-0.65
-1.53
-1.31
1.28
-1.75
1.15
-0.8
-1
-0.23
-2.32
0.53
1.64
-1.18
1.65
3.38
-0.07
-0.96
3.02
2.68
0.39
0
1.54
1.27
-1.38
1.16
-0.11
-0.36
-1.97
0.99
-0.26
-1.01
-0.94
0.27
2.75
1.09
-0.25
-1.71
7.29
-0.8
0.38
2.67
-1.38
0.76
-1.45
0.25
1.59
1.54
0.22
0.82
-1.73
-5.22
1.18
1.16
0.86
-0.08
-1.24
-1.53
-0.53
1.41
-0.45
1.3
-2.23
0.65
-2.83
-1.42
0.99
0.27
0.86
-1.69
-0.13
1.93
-2.14
-1.27
1.46
0.72
3.35
-1.36
1.3
-0.84
4.32
0.54
0.9
0.15
2.39
1.74
0.47
1.18
0.71
-2.7
-0.62
1.06
-1.48
1.17
-0.63
2.99
-1.16
-1.1
1.53
-1.42
0.32
3.75
0.62
-0.62
-0.54
-4.54
-0.83
-4.21
0.6
-4.65
5.55
-5.65
2.13
1.95
0.32
-2.67
-0.89
-7.35
-2.01
-0.78
8.27
0.09
-0.89
3.63
3.52
2.08
2
-1.27
-1.21
2.86
1.69
-1.22
-2.78
2.39
1.35
1.37
1.86
5.23
0.99
-3.62
-0.6
-3.87
0.17
2.71
-2.52
2.39
-3.27
-2.87
-2
0.24
3.19
0.91
1.44
2.84
1.77
0.56
-0.28
4.28
-1.81
0.64
-5.33
0.89
0.5
1.19
-4.6
-14.49
4.05
4.85
-1.78
-0.66
1.63
1.22
-0.84
0.24
0.45
-3.21
-0.2
3.04
0.7
-0.5
-2.75
-3.65
-3.74
-4.17
1.61
-1.77
-3.61
6.05
-3.06
2.03
2.46
-0.56
0.11
-2.21
1.7
-2.54
1.32
-1.85
-4.99
-0.17
0.58
0
-1.08
1.75
-4.69
2.61
-0.99
-0.57
-1.37
-0.02
-0.44
3.31
-0.86
0.06
2.74
-2.27
0.43
-0.25
-1.69
1.4
1.78
4.11
2.58
-1.84
-2.6
0.49
0.43
2.86
1.05
-1.68
1.18
-8.35
1.24
3.18
-2.48
0.57
0.7
-0.27
0.3
3.16
-0.15
-3.7
-2.52
1.41
-0.13
-0.93
-0.94
0.13
-0.34
2.87
-2.29
0.19
-0.41
0.53
0.46
1.46
2.06
-1.8
-0.51
0.65
-1.28
1.18
0.34
0.25
3.54
-0.31
0.35
1.35
3.86
1.25
-2.13
1.69
-1.04
-2.25
0.81
-2.92
0.21
-1.31
-2.62
0.53
1.43
-1.18
-1.6
1.53
1.4
0.02
-0.59
-0.92
1.1
2.1
0.8
13.6
2.18
-0.81
0.09
-0.35
-2.44
0.52
-0.56
-0.41
1.64
0.43
-2.13
0.65
-0.15
-2.61
-2.11
1.95
-1.29
0.9
-0.95
-1.1
0.87
-2.64
1.73
-2.25
2.96
-0.64
2.04
0.53
-0.15
-0.91
-0.04
-0.79
-0.13
1.79
1.94
0.61
-0.45
-1.11
0.72
-0.95
2.46
0
-1.95
3.08
0.42
0.09
-1.09
-0.89
0
-2.53
-0.52
-1.4
1.39
-1.1
0.42
0.25
3.85
0.93
-1.01
-1.33
-2.76
1.35
7.29
-0.52
-1.2
-0.52
-0.55
1.77
-0.42
1.09
-0.93
-0.14
-0.56
-0.13
0.32
1.78
1.71
-0.16
-0.34
-0.38
1.5
-0.79
1.85
-0.75
0.89
0.41
-0.37
0.83
-0.16
-0.67
2.05
2.99
-0.8
-0.56
-0.02
1.77
0.39
-1.27
0.29
1.12
-0.33
-1.3
-1.05
-0.93
-1.12
2.7
-0.89
-0.92
-0.56
2.08
1.75
-0.76
0.21
-3.23
-2.44
-0.32
-0.77
0.75
-0.1
1.43
-1.08
-2.02
-2.66
0.23
-2.55
-2.5
6.43
-2.3
-0.32
0.12
0.82
1.36
-2.37
-2.07
-0.46
0.07
0.06
-1.64
-1.07
2.06
1.95
1.74
1.79
0.77
1.54
-0.09
1.5
1.66
0.31
-0.69
0.86
0.58
-0.23
-0.04
-2.22
1.16
0.43
-0.2
-0.83
1.84
2.51
-0.93
1.34
-1.78
0.66
-4.02
-0.13
-1.28
2.27
2.5
0.45
0.26
3.47
-0.78
-0.01
-0.38
0.97
1.76
-0.31
-1.1
0.57
0.6
-0.71
-0.78
1.96
3.71
-2.88
-6.03
4.55
-2.73
-0.19
-1.93
2.59
-1.78
-0.76
0.66
-1.84
0.58
4
-0.09
-1.57
1.73
-1.25
-0.18
-0.2
-2.14
-0.2
1.48
0.39
0.55
2.7
0.9
-0.66
0.03
0.11
-1.09
1.05
0.35
-3.52
-1.5
-1.52
-0.58
0.34
-1.54
1.69
-0.68
1.65
1.88
0.45
-1.87
0.65
-1.66
0.02
-1.41
1.34
0.84
1.37
1.88
1.11
-1.92
1.7
-1.85
-3.08
0.35
1.23
1.99
-0.04
2.16
-7.81
-2.03
1.6
-2.25
1.71
2.13
-0.91
0.78
0.37
0.57
1.32
0.33
1.42
-0.66
-0.92
2.14
-0.85
0.46
-2.24
-0.44
-0.02
2.08
-0.66
0.49
0.88
-0.87
-0.44
0.55
0.25
3.27
1.49
-2.29
-1.14
1.49
-0.66
1.46
1.31
-1.29
-1.73
-0.03
-1.02
0.54
1.97
-0.01
0.05
1.56
0.57
0.11
0.65
1.62
0.32
0.27
2.45
2.57
-0.32
0.1
0.59
-1.51
0.37
-0.58
-0.8
-0.71
1.47
2.76
-1.93
-1.22
-0.4
1.42
-0.45
-1.07
-0.08
-1.29
-0.4
0.51
-0.19
-0.93
-0.9
-1.7
-0.58
0.26
0.53
-0.89
1.78
0.1
-1.33
-1.88
0.23
0.85
-1.07
2.71
1.65
0.16
0.59
1.28
0.22
-0.24
-0.26
-0.32
-0.63
2.67
2.52
0.01
1.35
-1.56
0.84
-0.47
1.72
-0.67
-1.08
2.59
-0.14
-1.83
1.34
-2.91
-2.24
-1.68
2.27
1.84
-0.06
-1.4
1.32
0.09
5.52
-0.76
1.83
-1.77
1.64
8.58
-1.46
1.25
-0.45
0.81
-1.4
-0.07
0.04
-0.76
-3.67
1.93
1.15
-1.39
1.88
3.04
0.48
-0.82
-0.34
-0.65
1.72
0.91
1.15
1.24
1.38
1.76
-0.34
-1.99
0.34
-0.38
0.64
-0.54
0.75
-1.46
-0.25
0.78
1.22
-0.34
2.1
-0.19
1.74
0.18
-0.93
1.28
-1.59
-1.2
1.36
-0.21
-0.39
-0.71
1.11
0.97
-0.23
-0.84
-1.71
1.65
-0.42
-0.02
0.95
1.83
-0.62
-1.17
-3.17
-0.34
2.07
-2.66
4.67
-12.36
-3.62
0.52
-0.43
2.3
1.8
-0.06
0.25
-3.59
2.23
0.04
-1.05
-1.8
0.69
-0.88
1.43
1.83
0.41
0.09
0.54
-0.64
1.13
2.27
-0.06
-0.03
-0.41
-0.46
0.49
0.23
0.6
0.35
0.98
-1.48
-1.15
-2.32
-2.49
0.81
-3.29
-1.46
-0.05
-0.57
1.93
-0.3
-2.5
-3.29
-1.65
2.85
1.43
-4.64
-1.73
1.32
0.05
2.35
0.38
1.8
-0.47
-1.46
3.73
-10.97
-2.44
1.27
1.23
1.22
0.04
0.66
-4.26
-1.6
-1.52
1.34
3.51
0.58
-2.36
-0.82
0.84
-0.32
1.47
1.25
-0.03
2.35
-0.46
-0.21
1.15
-0.39
-1.2
-0.54
-0.13
5.19
1.85
-0.66
1.48
0.83
-2.85
0.11
0.41
-0.61
2.62
-2.26
-0.86
0.93
-0.95
1
-0.54
-0.35
0.06
2.29
0.14
1.37
-1.18
-3.01
1.87
-0.63
5.28
2.57
-0.25
0.41
-0.98
1.73
0.31
0.3
-0.75
0.13
-10.68
-1.12
-0.13
0.78
-3.04
-1.93
2.1
-0.43
0.5
-0.78
1.69
0.48
0.31
2.13
2.08
0.13
0.27
0.18
0.19
-0.86
-0.4
0.73
2.28
0.39
-0.93
-0.29
0.98
-1
2.01
0.12
-1.18
-3.82
0.48
-0.25
0.2
-2.25
1.18
-1.16
0.31
1.91
-2.1
-0.27
1.4
-1.95
0.4
-0.43
0.19
-1.57
0.3
1.34
-0.17
-1.65
1.77
-2.32
-1.28
-1.61
0.6
-0.76
-1.03
0.26
0.84
2.89
-0.75
0.07
-9.1
1
1.9
-0.5
1.66
2.09
0.09
-0.96
-2.12
0.04
1.07
1.72
2.21
-0.16
1.57
3.46
-1.48
0.58
0.49
1.21
0.63
0.9
-0.18
-0.44
1.5
-3.88
0.1
-3.1
0.14
-1.38
-1.95
1.88
-2.18
0.49
-0.01
-0.41
-3.73
1.28
-0.39
0.72
2.17
-0.08
-1.08
1.96
0.95
-0.51
-0.04
